2016216257 Fps 1 0 14 81 43 82 5 97 19 47 43 91 84 58 42 34 95 -2 3 48 70 10 39
2016408881 Dgdjdjqf 1 0 31 28 44 -2 20 47 91 39 19 63 82 19 99 5 81 53 45 37 43 57 69
2016455197 Zz 1 0 17 11 5 56 87 21 5 40 42 99 19 77 19 47 17 41 72 72 84 99 21
2016460777 Ufkigej 0 1 54 51 43 27 38 12 51 33 6 71 98 8 59 27 99 68 12 18 59 79 7
2016510462 Thzygwibe 0 1 46 82 45 10 98 51 94 15 -1 72 68 55 43 58 86 37 60 45 4 94 70
2016533283 Od 1 0 24 47 54 99 9 68 40 -1 28 96 6 50 4 45 43 46 47 67 81 67 2
2016539155 Psdiuqh 1 2 67 67 53 53 50 28 91 32 67 36 87 98 92 68 60 82 61 79 12 96 39
2016711795 Kc 1 0 79 12 87 92 61 0 47 86 31 45 97 63 11 89 23 10 97 47 6 74 90
2016902357 Obujiangwude 1 1 70 61 15 28 65 13 42 87 88 98 81 6 53 51 48 7 69 2 81 53 39
2016937455 Hoefavhdj 0 1 73 67 94 87 85 1 5 6 23 74 89 99 67 -2 7 23 -1 75 0 50 46
20161235292 Olibeiqunlaji 0 1 52 46 44 53 92 42 16 34 61 94 22 31 87 67 94 4 69 50 14 -2 69
20161480231 Jp 0 0 92 93 45 64 80 19 76 27 6 58 95 0 34 66 97 33 2 67 49 84 33
20161632768 Usjdihdhws 1 1 55 90 12 22 7 68 88 74 98 74 71 97 4 69 97 5 77 79 90 52 3
20161907521 Lih 1 0 7 18 51 36 22 41 4 13 11 68 40 16 38 88 41 80 43 71 82 96 37
20161971528 Rsdhiuqwa 1 2 41 95 80 44 80 53 4 42 69 55 81 24 90 76 25 47 6 94 0 58 34
20162120021 Hfuhdk 0 2 38 21 79 18 45 11 18 92 58 53 53 91 38 39 51 59 56 53 75 43 13
20162210008 Tn 0 0 56 47 21 38 22 66 55 38 23 27 82 40 95 31 79 13 60 59 79 71 27
20162288857 Osgduyqwg 0 0 48 -1 74 63 53 42 48 12 96 70 91 69 15 97 8 88 85 87 85 85 17
20162436403 Nsdednf 1 2 52 25 57 46 51 42 12 -1 60 15 37 11 82 68 55 16 11 0 89 30 64
20162617062 Bfuhdk 0 2 75 24 44 52 97 15 44 60 68 42 4 79 57 18 79 34 74 11 0 56 25
20162825153 Hy 0 0 35 42 38 73 49 1 32 55 21 29 34 -1 85 18 99 11 74 21 57 66 47
20163006077 Xsdhiuqwa 1 1 80 65 95 60 97 89 18 68 15 87 100 15 6 27 57 38 83 39 10 9 15
20163064836 Uq 1 1 45 25 41 55 9 95 70 43 45 3 99 72 91 36 33 94 84 86 80 57 67
20163199223 Isdiuqh 1 2 17 32 74 38 70 46 64 26 57 53 69 88 15 49 58 40 90 32 92 89 9
20163315636 Isuiwebv 0 1 29 -2 51 62 56 13 49 40 94 60 94 25 90 57 77 85 53 65 28 18 37
20163483744 Wa 0 0 89 92 33 8 26 38 71 1 90 -2 96 6 13 63 21 43 83 38 72 4 51
20163558961 Xycy 0 0 15 92 15 93 96 83 66 19 33 78 32 78 65 38 9 55 61 56 82 38 84
20163780885 Lfuehgun 1 2 64 42 75 29 51 51 77 28 20 37 68 95 88 99 90 62 45 80 56 29 59
20164078906 Yih 1 1 96 62 59 41 3 36 0 73 34 6 91 26 11 50 33 53 100 53 76 100 17
20164232892 Fv 0 2 64 25 22 46 62 17 87 87 81 45 97 59 36 30 37 85 91 75 76 77 91
20164346288 Fcin 0 2 30 26 87 60 43 35 48 76 11 89 17 14 61 61 74 9 13 15 84 34 65
20164624710 Tiudsvhd 1 2 18 58 9 34 25 31 25 36 62 93 99 18 23 79 100 99 70 75 5 48 2
20164636910 Yd 1 1 30 75 14 23 42 55 67 81 49 17 87 34 79 48 72 73 21 67 0 80 57
20164880787 Kwuli 0 1 76 88 92 41 89 47 24 33 27 67 44 0 34 49 67 20 58 8 8 99 43
20164929455 Zy 0 1 62 46 16 3 29 51 29 65 63 55 100 83 87 58 11 97 32 64 10 28 5
20164997142 Igdjdjqf 0 1 54 46 99 97 80 94 37 90 3 5 17 95 27 2 31 33 22 20 18 7 63
20165104950 Md 1 1 40 -1 59 48 90 10 4 59 26 15 97 79 30 39 54 87 58 64 58 60 -2
20165155098 Isidqojb 1 1 97 41 74 84 75 42 22 89 14 64 24 53 88 66 53 24 64 47 68 6 6
20165323315 Rf 0 2 92 31 69 100 35 32 0 89 24 38 62 80 60 11 79 100 81 17 1 27 80
20165593441 Mysg 1 2 39 57 61 28 49 -1 31 8 100 72 65 89 35 54 25 1 65 38 78 47 53
20165597787 Yj 0 0 80 96 9 79 60 14 48 72 79 13 3 70 100 67 48 56 11 86 77 31 19
20165797223 Uhedioa 1 2 63 10 87 39 60 10 87 25 83 19 98 13 9 67 74 28 36 41 17 60 99
20165862959 Csdhiuqwa 0 0 3 12 60 3 22 29 10 47 77 29 84 18 97 35 0 63 72 47 26 65 53
20166123862 Pps 1 0 31 52 100 22 74 75 68 45 91 18 82 87 23 96 73 90 76 42 78 15 96
20166396483 Nklojn 1 1 39 55 69 85 16 93 17 15 83 67 100 73 99 21 55 89 78 11 -2 6 47
20166645744 Buck 1 2 52 4 41 10 67 34 81 64 16 75 76 100 35 89 49 88 9 53 28 50 7
20166788301 Zsjdhdq 1 2 94 19 93 56 77 99 100 10 27 6 60 76 14 53 63 25 5 5 96 41 43
20166990811 Cj 0 1 57 48 28 97 5 79 88 49 46 17 78 6 55 18 92 8 0 75 85 98 59
20167083357 Njdjgdtyj 1 1 25 24 67 66 23 40 70 37 23 27 14 58 16 56 34 47 44 81 67 24 100
20167094218 Wfsj 1 1 20 45 39 57 87 27 33 77 13 43 56 66 15 96 98 85 75 93 38 13 75
20167180337 Tf 1 0 43 24 76 56 92 69 7 32 81 78 18 33 6 71 85 60 41 99 44 18 19
20167263008 Vyszgj 0 2 69 72 33 90 72 81 100 72 65 -1 22 75 75 16 7 96 57 72 100 27 27
20167323600 Ifegighj 1 1 47 8 5 97 13 70 96 27 77 19 99 100 16 67 91 59 65 6 59 35 64
20167360884 Dh 0 2 4 24 64 19 83 1 43 58 95 -1 97 24 71 7 50 50 95 5 41 5 68
20167595676 Dncrunavjd 0 0 24 70 88 56 4 88 54 59 37 98 39 10 69 29 26 3 93 26 44 56 24
20167625816 Ja 1 1 2 36 5 61 99 68 31 68 23 56 33 52 10 60 26 64 58 39 2 4 61
20167877895 Phzygwibe 1 0 86 29 70 16 73 16 52 2 54 98 87 52 47 47 46 75 18 68 52 19 2
20167879113 Uysg 0 2 34 41 58 49 17 83 17 65 60 36 40 73 73 4 92 10 55 35 31 49 66
20167975526 Fc 1 0 14 71 22 96 20 90 54 43 49 62 78 89 72 0 6 29 36 23 26 89 20
20168097420 Tdadiao 1 1 79 11 32 71 58 23 6 15 39 35 92 61 1 59 72 18 5 69 51 82 10
20168225000 Usidqojb 1 2 11 70 -2 38 91 49 33 99 25 87 75 64 63 19 30 33 87 8 62 70 5
20168441323 Qz 0 1 88 10 37 34 57 30 5 69 85 7 83 49 63 43 -2 33 34 83 75 30 -2
20168703389 Umanba 1 1 47 68 53 28 58 93 6 100 39 15 37 89 71 35 94 10 79 18 87 68 26
20169002451 Zwuli 1 0 87 72 76 28 59 35 85 78 17 15 95 3 90 68 71 70 94 65 75 76 32
20169245264 Eq 1 0 25 67 21 37 42 1 50 19 1 53 22 9 85 41 63 38 17 72 52 97 27
20169364406 Jhbw 1 2 59 100 18 52 83 60 70 75 58 7 24 59 25 34 69 35 84 59 20 51 -1
20169505162 Asgduyqwg 1 1 22 52 86 9 38 47 6 18 69 50 -1 90 30 49 74 10 71 19 94 84 51
20169696222 Vsdhiqu 0 2 21 72 78 25 86 50 43 79 4 82 36 0 57 20 50 86 16 83 92 -2 8
20169941380 Pfsj 1 0 87 65 34 61 22 93 34 15 0 3 30 28 27 34 28 81 99 58 19 71 96
201610030449 Uasdgw 1 0 34 40 7 94 58 62 95 85 7 21 31 21 10 14 33 75 3 9 45 15 76
201610225931 Hc 0 1 2 54 57 40 10 25 92 10 98 12 97 17 85 88 3 10 92 87 84 86 37
201610327945 Fk 0 1 20 27 64 73 85 54 67 38 46 -2 94 34 2 8 44 31 19 79 80 21 39
201610403271 Qy 1 1 12 96 41 1 25 82 20 23 36 23 89 75 58 2 16 30 52 83 67 34 60
201610591313 Ch 0 0 93 11 53 34 34 79 89 40 72 72 82 17 8 47 78 44 15 15 91 30 19
201610597392 Ssjdhdq 1 1 82 39 74 68 50 -2 27 21 43 18 57 7 39 73 35 78 0 4 32 15 49
201610873728 Mv 0 0 14 52 9 68 97 94 38 2 75 42 88 7 63 30 31 43 4 51 43 78 83
201610922768 Ji 1 0 0 72 -2 42 98 51 71 70 80 19 -2 30 72 48 92 19 57 69 3 26 73
201611075990 Bsdednf 0 2 90 58 25 43 99 14 58 91 39 42 71 74 45 33 66 94 95 91 61 31 11
201611117257 Mk 0 0 31 18 27 67 25 85 77 2 43 62 85 88 46 6 0 53 72 99 79 77 1
201611347399 Pycy 0 1 32 92 24 75 25 37 48 11 67 49 52 42 22 54 3 65 83 15 38 29 1
201611460708 Ws 0 2 29 78 96 71 88 57 66 68 44 94 82 4 66 22 79 4 65 96 68 71 83
201611707279 Jcout 0 1 72 4 87 86 95 0 63 99 16 43 1 61 73 47 62 34 37 20 6 88 16
201611976828 Bdhsb 0 0 76 59 23 28 49 76 65 37 82 26 61 71 24 74 56 9 98 98 8 65 17
201612057231 Kj 1 2 99 30 76 18 89 69 65 84 20 74 65 50 73 14 48 42 100 34 81 73 19
201612154816 Tysg 1 0 47 99 7 61 86 48 41 8 37 1 2 93 35 78 33 95 55 10 4 34 8
201612205837 Nm 1 2 94 71 9 60 22 96 69 44 1 45 82 72 25 56 62 21 8 21 18 54 58
201612228080 Afsj 0 2 42 95 24 90 73 78 47 1 68 24 45 72 61 21 19 95 96 74 63 43 64
201612401534 Ysgyuqwgdjhabjx 1 1 92 6 61 59 9 76 75 9 45 9 10 72 33 83 25 23 39 78 0 15 83
201612432013 Ud 1 2 96 10 3 16 2 52 44 47 35 41 26 97 20 15 43 -1 41 66 72 72 71
201612566527 Fsuiwebv 1 1 20 70 91 10 34 23 64 47 96 -2 35 57 13 6 49 29 63 56 32 15 24
201612683630 Tckrniwds 0 0 34 52 9 36 39 67 18 76 27 64 3 68 7 5 5 44 49 46 48 75 18
201612937672 Ocin 0 2 45 48 19 88 65 27 9 76 92 29 35 34 77 97 45 10 3 8 46 76 16
201612967679 Elibeiqunlaji 0 0 8 11 94 56 37 17 50 72 24 55 72 73 58 81 48 12 23 64 99 97 50
201613204958 Jfuhdk 1 1 40 90 79 87 80 7 48 2 -2 38 78 86 5 42 38 70 55 97 18 73 56
201613239203 Bjugbgjt 1 2 70 7 63 69 2 3 63 71 76 6 46 67 54 50 91 27 8 96 11 34 45
201613315662 Co 0 1 33 58 64 56 33 11 -1 41 57 63 39 28 55 -1 40 23 90 80 29 79 5
201613575665 Vdiwebfj 1 1 47 97 8 61 95 88 44 25 90 -2 21 88 84 11 38 42 71 66 25 70 74
201613614877 Vmanba 1 0 82 76 85 44 97 82 39 19 97 3 87 46 5 8 70 92 15 5 39 90 51
201613670073 Ehedioa 1 2 93 26 74 48 18 96 70 -1 70 75 55 97 6 52 81 40 80 100 37 1 5
201613800243 Pklojn 1 1 62 60 39 84 92 25 36 69 65 87 32 68 1 52 79 76 97 1 28 38 95
201613981075 Sps 0 0 49 61 60 92 35 74 81 1 6 91 59 -2 79 95 44 100 38 83 9 23 0
201614205388 Asjdhdq 0 0 78 13 49 65 53 54 68 39 47 51 10 57 49 76 19 87 14 88 73 22 21
201614505039 Lsdiuqh 0 1 81 51 60 58 69 23 10 2 76 11 24 50 21 46 78 91 34 38 -1 16 24
201614779759 Dx 0 1 63 16 14 36 20 6 36 17 5 90 90 76 7 0 41 99 28 58 79 87 57
201614954260 Sf 1 2 59 69 71 5 60 16 52 22 54 52 10 22 72 55 8 84 0 52 80 22 41
201614954507 Phfwuix 0 1 49 86 21 -2 62 16 22 25 20 99 85 68 48 71 71 76 60 57 93 99 72
201615114556 Yivjoeg 1 2 49 -1 37 28 31 2 73 68 92 96 43 39 30 7 9 28 37 23 64 73 75
201615390992 Yhzygwibe 1 1 55 96 67 27 3 64 13 17 39 39 78 82 26 9 52 24 38 55 0 69 47
201615429945 Jps 1 0 11 2 49 57 42 88 95 47 52 4 96 56 98 75 43 19 -1 98 20 7 86
201615630757 Sddd 1 1 3 52 53 26 49 57 7 55 7 74 43 58 32 97 89 49 15 63 19 58 65
201615662509 Hb 1 2 42 9 -1 83 45 77 72 82 37 38 80 77 59 84 25 49 98 70 47 27 45
201615954944 Sz 0 2 84 47 74 7 66 43 9 78 82 20 66 80 72 95 49 100 35 27 5 49 98
201616169879 Idkqjwd 1 0 37 60 94 9 66 65 85 10 24 4 63 72 99 18 -2 40 4 29 94 24 19
201616216709 Sehus 1 1 59 0 64 91 51 90 32 30 14 44 43 44 67 16 39 48 32 62 51 77 55
201616433425 Dkobe 1 2 62 61 47 34 18 88 77 83 42 0 76 35 88 18 23 39 39 23 45 98 84
201616528470 Xiwhiusa 1 1 51 19 6 33 82 61 23 91 67 15 45 1 38 47 54 92 63 38 75 39 20
201616662011 Ffkigej 1 1 37 76 12 17 45 19 46 39 80 21 51 59 33 79 78 34 53 97 58 72 41
201616762143 Vih 1 1 76 39 19 100 73 64 0 54 4 25 25 77 76 64 57 32 97 32 83 84 -2
201616795864 Rs 0 1 48 78 70 50 49 30 5 86 71 -2 73 24 1 93 41 38 18 22 45 73 24
201616901962 Pfkigej 1 2 34 80 54 5 35 81 99 75 0 74 96 50 33 94 24 6 7 51 59 23 53
201617129253 Ywuhu 1 1 14 90 100 84 19 0 83 42 17 69 38 53 10 91 87 -2 13 36 18 15 21
201617175270 Rwssb 0 2 40 45 78 71 48 4 94 46 6 92 96 87 23 56 50 27 71 66 93 93 80
201617247450 Fordan 0 0 98 69 32 63 98 28 30 20 53 97 84 19 55 5 31 22 80 70 41 75 41
201617289232 Aa 1 2 89 57 15 1 98 95 96 41 71 4 51 65 40 90 50 53 72 74 30 61 53
201617473702 Hdiwebfj 1 0 75 100 69 0 83 100 68 18 91 66 40 21 -1 45 70 53 18 2 68 66 29
201617635081 Jkobe 1 0 77 45 15 70 60 96 95 100 43 74 82 0 50 99 16 71 21 59 49 85 28
201617718017 Ywaimai 1 1 28 94 4 61 89 78 81 91 44 92 9 98 81 83 66 27 11 22 7 23 75
201617828163 Ku 1 0 83 8 6 64 58 39 22 44 73 81 14 26 82 44 13 56 46 1 80 15 35
201617999552 Buck 1 2 30 43 35 0 96 8 11 76 83 -1 52 49 5 60 55 21 68 35 1 27 80
201618085875 Nuck 1 0 5 29 43 13 13 23 34 17 -1 71 70 23 50 8 34 9 81 95 46 99 55
201618357729 Qs 1 2 62 93 53 73 17 84 16 4 29 97 11 67 43 32 61 30 77 76 16 39 85
201618548682 Usydgqwgd 1 0 17 75 11 93 41 91 20 94 41 77 13 62 1 27 63 58 82 59 -2 13 19
201618607795 Lshabi 1 0 48 23 43 52 37 25 88 27 33 42 14 2 47 30 88 12 75 22 -1 82 2
201618789029 Okd 0 1 3 77 50 53 79 67 58 4 10 79 62 80 43 94 38 26 58 87 23 50 61
201619070611 Jsjdhdq 1 1 39 28 65 55 33 30 23 8 23 55 92 78 78 20 25 40 98 81 7 11 55
201619201654 Owuli 1 2 30 50 46 80 -1 6 87 66 18 37 0 2 62 20 100 35 33 91 77 13 94
201619361149 Jklojn 0 0 41 61 74 17 29 27 89 15 35 100 84 73 86 59 13 38 54 19 61 78 98
201619478799 Je 1 1 85 48 81 99 8 79 13 73 52 45 76 26 60 8 8 97 80 62 99 28 -1
201619631913 Vr 1 2 0 61 13 4 56 40 100 55 39 42 45 49 84 17 50 64 70 56 23 58 30
201619901133 Jsgduyqwg 1 0 86 55 12 46 98 16 82 6 12 70 84 85 1 44 12 25 67 8 39 78 9
201620114213 Dp 1 0 75 60 88 89 87 59 2 62 5 94 10 73 51 23 11 10 45 66 9 20 4
201620243322 Jsgyuqwgdjhabjx 0 1 94 53 70 10 51 23 65 0 44 11 67 94 -2 9 69 32 1 19 92 29 -1
201620340387 Hfegighj 0 1 54 64 19 41 94 100 30 61 75 46 11 72 8 5 19 68 100 33 43 -1 25
201620441462 Snb 1 0 4 15 90 27 -2 86 46 85 4 53 3 21 13 54 48 56 70 1 24 76 77
201620702014 Boekd 1 2 95 77 59 10 57 31 33 24 90 95 38 64 64 50 38 92 100 54 14 4 88
201620792494 Sfkigej 0 0 30 1 20 67 42 64 5 78 1 43 51 40 100 25 27 96 -1 92 34 51 20
201621063715 Xjdjgdtyj 0 0 7 28 50 76 15 35 57 81 88 72 98 61 4 78 32 46 11 61 69 36 78
201621104561 Uuck 1 1 1 97 43 43 28 26 38 100 7 67 49 22 12 86 21 57 27 18 16 93 55
201621237754 Psdhiuqwa 0 0 82 72 72 18 86 77 48 1 69 84 9 95 21 17 30 15 52 62 86 83 9
201621289120 Ssdhiuqwa 1 2 9 13 27 -2 75 47 39 68 39 88 16 60 15 54 30 80 92 41 87 93 71
201621329606 Rj 0 2 11 16 74 60 65 65 98 72 21 63 78 94 39 25 72 52 2 32 8 63 82
201621596926 Eklojn 1 2 28 97 41 24 36 37 72 95 5 38 82 83 52 42 53 28 8 18 93 99 12
201621662439 Hhadgye 1 1 28 85 45 93 27 48 64 85 29 64 13 59 49 5 49 39 3 76 91 41 31
201621897321 Vi 1 0 89 89 52 -1 54 18 31 65 30 21 12 96 70 19 4 37 45 1 36 27 34
201621940992 Sshabi 0 1 11 52 64 100 36 80 2 40 58 78 62 48 18 10 77 35 43 -2 22 18 69
201622076900 Joekd 1 1 5 58 93 59 8 44 66 74 91 40 0 78 25 9 67 25 76 17 99 44 33
201622080728 Fshabi 0 2 22 12 97 95 39 -2 81 12 50 63 90 10 72 28 11 19 78 49 77 33 64
201622356647 Iz 0 1 94 71 22 23 100 59 83 69 88 73 34 8 90 51 31 35 68 83 91 38 79
201622366602 Lfh 1 2 6 47 33 49 27 90 23 19 100 85 29 99 78 59 57 77 88 85 17 31 12
201622448720 Mh 0 0 53 70 76 48 67 46 16 100 94 34 45 32 12 -1 100 39 94 30 57 61 100
201622540837 Biwhiusa 1 1 51 94 59 68 75 69 6 3 46 55 55 22 14 6 32 81 23 40 64 29 77
201622835051 Bys 0 2 49 16 58 89 11 32 83 46 7 93 46 35 65 58 0 75 9 54 45 38 16
201622966414 Uih 1 1 41 58 99 0 46 33 28 69 73 45 83 24 70 96 76 2 72 86 7 0 50
201623197425 Nsgduyqwg 1 1 30 38 77 14 17 99 92 40 69 3 81 66 73 5 100 24 98 96 99 57 77
201623453423 Dy 1 0 72 15 46 29 11 43 35 -1 58 88 18 13 35 50 88 32 67 36 8 6 0
201623628892 Jddd 1 1 12 50 30 22 57 8 49 99 26 28 71 2 34 83 56 75 12 39 82 48 9
201623634033 Nosdb 1 0 76 26 39 71 67 5 62 1 -1 81 55 47 96 52 34 56 79 19 66 42 94
201623848932 Oiwhiusa 0 1 59 41 29 74 54 82 31 57 75 61 53 84 65 82 73 96 78 95 20 92 79
201624034383 Nhfwuix 1 2 42 58 75 43 41 22 15 20 20 14 16 0 24 83 77 11 -2 83 77 96 7
201624321391 Ujdjgdtyj 0 0 3 1 81 9 64 52 49 56 81 28 85 44 7 85 57 20 47 41 69 65 30
201624556745 Skobe 0 2 40 82 51 90 83 100 56 55 83 38 25 80 49 49 74 31 12 48 93 48 4
201624654150 Rwuhu 1 1 67 20 -2 24 83 31 75 15 27 53 9 10 44 67 71 87 20 48 70 58 44
201624812630 Pok 1 2 13 55 10 71 7 54 35 11 68 61 2 80 94 12 16 34 22 84 37 -1 65
201625093816 Jih 1 2 88 34 13 29 86 67 68 69 23 32 87 83 55 50 36 60 51 20 62 84 75
201625204087 Ds 0 0 22 61 42 36 67 51 74 80 84 7 47 99 55 96 6 89 28 71 72 4 58
201625266704 Cfuehgun 1 1 0 56 43 57 27 53 73 97 68 31 41 7 18 14 83 20 96 48 68 68 59
201625493591 Msfbj 1 2 96 42 56 14 78 18 -1 85 100 91 16 83 85 31 49 49 83 20 96 63 80
201625717233 Loekd 0 0 92 18 31 85 23 78 90 1 44 5 32 7 20 39 16 22 54 50 35 6 62
201625727566 Wxiaozhan 1 2 85 100 43 92 50 80 70 80 27 16 50 44 73 83 6 74 32 73 0 81 83
201625831296 Jw 0 1 84 36 90 68 60 7 78 66 65 76 14 67 5 71 26 50 8 14 23 74 78
201625869409 Dyszgj 0 0 97 71 60 74 34 9 25 96 11 36 74 -2 13 10 31 99 66 50 18 59 4
201626007048 Asgyuqwgdjhabjx 0 0 25 21 96 27 75 54 49 55 82 58 66 100 2 73 76 46 7 26 -2 65 15
201626157280 On 0 1 56 80 1 97 66 45 85 75 20 40 20 23 26 41 30 63 72 81 41 16 2
201626433869 Pxiaozhan 1 1 90 43 86 86 22 76 57 61 94 64 92 51 100 58 7 54 67 30 -1 36 94
201626552472 Jbujiangwude 1 1 50 100 0 -2 68 67 67 72 68 8 54 2 12 70 74 22 85 79 14 62 42
201626608078 Lh 1 1 45 36 18 30 86 31 4 44 86 25 14 21 37 53 24 59 84 97 93 41 41
201626817616 Jgdjdjqf 1 1 78 22 29 75 94 65 100 76 53 36 5 2 8 32 72 60 12 11 23 70 87
201626846608 Rdkqjwd 0 1 74 1 61 46 50 60 7 22 48 66 3 82 10 10 1 49 45 58 9 73 78
201627127955 Jn 1 0 85 11 89 22 54 87 41 3 96 13 46 41 33 89 21 64 12 27 100 71 16
201627291073 Rv 1 1 46 78 67 1 27 56 19 29 97 88 40 17 87 48 25 73 75 59 0 60 58
201627499897 Km 0 1 69 90 76 15 33 49 20 34 75 50 65 59 67 41 54 53 80 -1 5 69 87
201627677681 Xm 1 0 45 77 29 52 63 74 95 100 19 36 63 85 21 14 72 50 76 4 87 77 2
201627748470 Wnull 1 1 20 27 96 65 3 17 50 74 20 75 38 80 84 28 95 74 9 75 41 8 51
201627889279 Kn 0 2 52 93 14 71 39 21 93 68 32 64 59 100 87 97 29 69 87 22 67 52 6
201628043328 Rv 1 1 81 -1 91 89 92 57 67 8 0 96 99 1 93 93 4 57 39 100 47 21 75
201628135018 Asjdhdq 1 0 94 46 55 53 50 67 60 23 54 83 68 96 29 16 64 21 88 75 97 39 15
201628283215 Jsdiuqh 0 2 32 22 9 85 29 8 99 2 82 15 75 81 16 59 34 100 88 94 97 87 -2
201628398754 Jbe 0 1 83 100 30 42 32 49 -2 13 95 23 59 67 64 38 8 76 2 22 81 64 26
201628442244 Tbujiangwude 0 0 4 69 66 13 57 26 19 60 22 40 63 36 95 56 61 65 98 83 20 28 35
201628624492 Zivjoeg 0 0 90 93 79 70 20 59 15 33 39 89 32 45 68 91 81 15 57 61 93 13 29
201628835688 Jiudsvhd 0 1 42 48 48 58 55 41 24 33 34 45 35 21 73 -2 33 35 80 16 65 0 81
201629012702 Niuhhnfd 0 1 44 26 37 78 13 46 5 85 41 96 3 36 22 55 68 56 91 79 93 63 19
201629291644 Fl 0 0 72 60 97 9 47 37 98 15 64 4 42 35 48 58 35 7 23 56 67 65 87
201629363344 Uz 1 1 38 61 78 56 77 80 61 45 96 10 58 95 4 73 87 57 5 57 3 72 69
201629422901 Qb 0 0 14 90 72 67 17 85 38 23 9 33 82 63 99 17 11 58 94 17 45 99 96
201629591486 Lfh 1 0 46 50 51 40 50 57 54 65 69 22 18 16 98 24 38 52 22 35 36 53 93
201629609864 Zd 0 2 76 37 11 8 35 56 41 20 50 39 61 43 68 98 35 70 87 63 79 73 99
201629690802 Vx 1 2 26 86 39 41 73 29 70 1 12 94 11 80 40 63 73 58 25 33 0 42 0
201629866737 Rncrunavjd 0 1 83 6 1 21 6 23 5 14 41 90 45 16 87 74 41 91 48 41 78 7 33
201629883617 Nivjoeg 0 2 19 53 87 81 19 10 49 87 35 12 77 19 90 44 27 11 9 61 41 18 82
201630060400 Bckrniwds 1 0 0 81 21 77 27 89 88 16 38 90 0 34 24 68 63 97 6 68 75 77 18
201630244971 Py 0 1 80 3 46 45 52 38 16 46 70 73 85 90 8 -2 91 63 50 93 99 31 27
201630498962 Jbe 1 1 92 40 43 65 100 -1 43 35 58 68 47 79 49 84 38 53 16 77 38 38 58
201630685617 Tsjdhdq 1 1 14 66 100 96 99 95 63 66 99 73 47 56 94 15 75 37 71 43 92 60 14
201630774347 Zncrunavjd 1 1 26 94 47 71 77 39 -1 17 58 91 1 78 21 74 25 73 87 100 67 99 34
201630872141 Pu 0 2 74 84 0 62 32 8 45 99 1 61 49 51 50 68 97 91 84 56 29 59 8
201631146035 Iok 1 0 70 85 20 52 43 53 62 93 55 25 95 18 11 5 81 48 75 12 85 76 50
201631395232 Kt 1 0 46 42 88 98 82 73 50 41 85 13 6 69 66 70 35 41 36 94 72 2 -1
201631572827 Ahadgye 0 1 30 73 82 -1 81 80 69 36 38 32 64 -1 65 52 28 86 12 66 10 80 21
201631623068 Zwssb 1 1 24 2 12 60 7 92 45 61 3 87 45 78 28 29 6 58 35 96 5 6 37
201631904146 Mgdjdjqf 0 2 22 9 64 83 35 23 38 19 80 83 1 55 62 8 26 51 91 1 85 49 86
201632157350 Rshabi 1 1 47 25 70 31 -2 14 79 51 36 34 44 46 78 5 34 14 11 63 36 62 96
201632386112 Ups 1 1 60 32 11 46 8 66 99 22 29 2 75 12 -2 32 37 45 52 0 90 71 64
201632566053 Esjdihdhws 0 0 45 100 96 63 29 5 46 61 91 76 8 63 44 37 19 83 43 19 87 47 49
201632596937 Tysg 0 1 14 18 69 60 96 85 1 27 82 20 82 -1 48 84 88 56 77 73 100 92 7
201632841559 Hsgduyqwg 0 1 70 44 7 20 84 63 78 23 56 17 94 60 33 88 34 72 34 70 11 17 64
201632941377 Nbe 0 1 64 55 57 73 84 89 42 6 10 58 56 9 93 5 95 8 82 4 59 44 23
201633058939 Vosdb 1 2 83 69 61 90 71 75 99 52 93 50 25 0 98 8 54 0 88 13 47 31 0
201633337008 Efkigej 0 0 37 24 83 100 64 94 14 78 43 6 89 30 85 53 31 84 80 62 36 86 70
201633363631 Pfuehgun 1 2 76 59 84 9 76 62 71 3 50 40 57 3 100 66 6 14 14 66 -1 100 74
201633481335 Nh 1 1 79 16 34 29 97 5 5 33 17 24 -1 18 28 21 9 34 88 32 66 75 15
201633763698 Nok 1 0 3 5 79 1 11 78 47 81 0 40 -2 26 23 94 16 95 74 26 5 67 96
201633952283 Joekd 1 2 15 12 29 57 50 84 45 52 4 32 59 77 16 58 23 18 21 66 80 39 3
201634188798 Dsgduyqwg 1 1 54 1 47 13 39 52 85 0 34 60 13 44 91 31 76 9 34 21 56 0 69
201634408266 Dsdhiuqwa 0 0 89 61 47 43 69 33 98 43 98 84 -1 39 28 88 38 61 33 41 1 12 11
201634649905 Le 1 0 70 59 73 66 81 95 46 8 52 84 39 54 2 72 -2 85 99 85 99 44 68
201634737682 Jehus 0 2 67 30 24 77 3 78 82 7 -2 12 7 24 73 47 0 10 69 49 31 30 4
201634919019 Ld 1 1 90 96 80 68 85 24 90 5 32 52 22 22 85 6 10 96 36 90 93 92 28
201634930405 Hsdednf 1 1 46 91 34 34 27 74 18 10 37 70 94 5 75 36 75 64 75 54 93 99 47
201635040999 Tiwhiusa 0 2 27 11 52 63 24 92 100 37 12 92 55 20 20 1 100 74 2 11 33 90 92
201635072673 Dsjdhdq 0 1 33 87 35 73 78 52 69 92 26 91 65 3 58 93 25 8 95 5 75 27 -1
201635192859 Jx 1 0 56 68 50 60 28 99 97 30 5 -2 72 70 27 93 5 62 27 55 70 63 55
201635296202 Zwaimai 0 1 90 5 38 21 79 66 46 95 39 59 14 71 43 83 70 86 50 22 77 95 56
201635458955 Zsuiwebv 1 2 86 79 4 93 29 21 73 78 -1 58 81 23 44 81 96 16 28 5 72 82 100
201635543325 Coekd 0 1 79 6 53 54 21 79 54 9 46 14 30 28 68 94 55 73 11 1 52 23 34
201635608420 Mn 0 0 90 13 90 66 51 97 22 4 18 25 64 35 39 55 83 57 -2 96 9 46 3
201635666275 Jys 1 2 55 84 64 65 16 40 77 85 31 6 71 19 65 55 19 29 79 19 77 46 9
201635697427 Tysg 1 1 84 49 33 86 45 63 -1 52 20 12 14 11 51 54 99 46 47 68 82 33 18
201635729261 Oiudsvhd 0 0 3 95 33 99 52 97 82 1 63 13 91 21 -2 72 24 41 89 7 67 62 24
201635782875 Bbe 1 0 7 65 78 98 98 9 62 72 98 0 26 64 84 76 23 26 59 65 60 72 49
201635929775 Usdhiuqwa 0 0 72 87 25 46 17 31 16 85 77 66 57 25 1 0 -2 87 68 52 48 15 59
201636091455 Bddd 1 0 80 55 63 75 18 -2 84 39 76 39 54 38 17 29 5 12 93 27 49 63 81
201636215017 Rp 1 2 43 7 30 69 25 46 7 51 62 27 68 37 12 83 19 0 29 73 57 45 19
201636234423 Sddd 1 0 43 93 77 16 91 -2 58 11 32 56 65 87 21 49 1 20 61 81 69 33 37
201636411773 Kuck 1 2 26 10 8 72 20 9 81 -2 48 95 39 90 91 9 24 37 59 46 30 19 14
201636524540 Qhedioa 1 2 55 66 18 75 60 34 19 40 23 -2 42 40 54 18 55 50 18 100 70 96 83
201636641150 Eddd 0 1 61 48 0 43 73 36 47 94 100 22 48 22 49 77 11 60 96 14 84 1 22
201636663099 Noekd 1 1 66 53 37 16 93 -2 70 91 63 47 62 55 82 26 3 20 1 10 24 19 56
201636839270 Ysdednf 0 2 60 21 13 9 32 68 84 93 -1 8 81 12 96 13 87 55 70 48 54 22 31
201636897403 Isfbj 0 0 88 1 94 46 57 98 71 12 19 98 71 51 100 75 36 64 88 19 33 72 59
201637161904 Muck 1 0 69 25 4 16 33 37 86 15 93 21 53 95 71 76 54 36 83 83 5 94 16
201637216084 Xiuhhnfd 1 0 72 17 22 8 79 22 15 74 63 59 18 18 85 57 97 72 74 36 9 36 100
201637461850 Thzygwibe 0 2 91 65 42 1 4 70 65 55 12 50 13 18 25 89 84 65 10 52 70 17 17
201637752816 Ib 0 0 92 69 21 26 44 94 61 91 28 36 98 49 26 58 20 62 53 50 44 41 64
201637939232 Khuhds 0 0 28 70 27 32 71 65 41 18 26 16 4 31 91 57 79 34 96 58 23 -2 -2
201638165831 Rs 0 1 45 20 22 77 80 1 32 43 46 4 64 1 19 34 60 7 0 18 41 8 14
201638316277 Xcin 0 0 40 51 7 79 42 11 81 6 64 34 4 1 11 59 80 55 66 90 0 59 91
201638454881 Wsuiwebv 1 2 14 10 95 21 92 79 11 49 87 75 84 37 94 100 61 1 16 100 52 35 5
201638457611 Zdhsb 1 1 82 68 49 43 5 5 43 0 62 89 23 22 81 80 24 67 84 95 52 92 62
201638542970 Wq 0 2 39 18 54 8 71 79 63 55 66 47 76 59 -1 32 49 49 71 72 36 38 34
201638801202 Yysg 1 0 29 100 10 50 90 54 -1 45 64 9 38 9 32 13 100 69 4 45 25 43 83
201638914469 Hcin 1 1 82 9 17 44 15 53 56 89 31 -2 65 55 12 60 83 25 3 74 66 11 64
201638920190 Soekd 0 2 54 0 67 63 13 17 85 41 19 89 19 89 12 29 25 52 72 1 27 27 2
201639201787 Sosdb 0 1 66 29 87 29 33 59 61 87 72 78 94 3 11 89 9 45 85 100 74 95 97
201639273549 Msjdhdq 1 2 50 14 28 29 58 17 51 38 37 2 39 1 61 42 0 66 79 9 28 87 32
201639535462 Qkobe 0 1 15 92 16 61 12 23 12 47 44 9 24 0 69 94 31 67 46 24 97 99 74
201639791804 Qncrunavjd 1 2 88 9 99 6 43 27 82 23 51 54 26 76 36 64 92 36 66 51 98 68 -2
201639919323 Skobe 1 1 48 65 53 4 85 98 5 61 58 48 73 38 81 50 63 42 -1 83 96 40 42
201639968899 Xiuhhnfd 1 2 37 61 47 36 25 29 45 65 17 17 61 40 56 94 94 49 5 48 52 95 16
201640063152 Wehus 0 2 67 60 61 63 84 93 45 49 27 76 33 5 87 82 1 90 36 85 90 14 74
201640320008 Hdadiao 1 2 11 95 40 17 89 45 22 3 95 53 97 46 100 11 3 90 34 29 86 77 2
201640531182 Aurry 1 2 45 30 20 32 77 100 16 15 16 97 75 8 37 -1 65 70 40 60 10 45 28
201640823264 Bnb 0 1 68 38 37 10 6 7 78 16 41 58 15 2 0 33 31 29 71 22 15 13 14
201640981217 Lf 0 0 21 93 18 92 3 65 31 20 28 25 35 39 51 16 93 10 12 84 43 48 52
201641040439 Iy 1 0 0 63 88 22 1 9 69 74 -1 54 14 73 2 7 8 65 33 89 30 35 85
201641060346 Xs 1 0 65 51 42 74 52 56 32 1 56 66 84 99 86 93 89 90 71 8 10 26 51
201641360190 Klibeiqunlaji 1 0 97 95 95 75 16 99 39 64 25 16 33 44 53 84 69 7 73 70 24 84 39
201641611069 Qr 1 0 55 68 5 58 58 27 36 66 61 7 49 19 35 64 51 54 27 -1 79 35 53
201641784216 Dncrunavjd 1 0 64 71 30 92 32 20 25 13 76 54 98 19 23 67 74 4 26 0 83 63 85
201641828609 Ps 1 2 72 97 6 59 28 85 75 67 100 50 39 32 83 35 53 37 52 90 19 66 2
201641926281 Bz 1 1 26 31 23 96 32 91 59 49 49 0 57 21 42 89 89 58 76 47 60 89 23
201642028877 Cordan 0 0 91 4 92 85 94 53 30 41 81 48 92 38 91 79 11 55 -1 46 52 18 88
201642159525 Ob 0 1 82 57 71 29 81 99 73 16 22 44 91 26 79 95 32 69 61 37 58 59 8
201642377783 Nys 1 0 16 98 39 13 50 55 99 51 73 15 85 8 36 9 99 64 41 50 68 70 77
201642574316 Kxojqwdo 1 0 54 76 11 69 18 89 42 81 -2 74 58 71 99 0 2 42 62 10 74 70 70
201642676990 Psdiuqh 0 0 62 65 98 56 69 81 35 45 71 31 100 22 6 70 0 86 18 53 46 87 11
201642859974 Nkd 1 1 29 63 49 71 6 48 1 51 72 95 -1 91 58 56 80 84 44 33 24 32 53
201643042708 Ik 1 2 84 7 32 5 54 3 52 25 22 28 36 33 58 22 20 12 12 45 58 24 90
201643213964 Ziuhhnfd 1 1 21 49 73 20 98 72 80 86 87 54 20 87 91 54 42 26 -1 42 55 34 88
201643305466 Cd 0 0 49 89 7 12 91 9 69 76 63 12 47 100 36 33 6 14 3 27 31 19 49
201643579064 Vklojn 0 2 83 4 38 15 14 7 78 18 33 36 33 37 20 80 31 58 60 97 4 85 -1
201643759149 Qdadiao 0 0 44 67 26 91 87 8 55 52 43 31 43 24 42 71 45 14 10 97 81 28 92
201643907582 Sbujiangwude 1 1 92 58 50 61 61 26 82 12 45 17 61 70 92 60 71 76 51 76 63 28 71
201643989078 Xlibeiqunlaji 1 2 4 13 59 51 11 96 36 28 26 15 99 69 52 93 12 39 20 43 77 94 49
201644050050 Xoekd 1 2 21 40 44 56 16 79 68 87 51 65 47 92 27 0 27 54 4 59 55 66 9
201644121511 Eshabi 1 1 95 24 64 93 78 63 99 53 54 42 18 21 48 43 8 64 69 98 57 86 7
201644141596 Kgdjdjqf 0 2 21 11 89 70 66 -1 76 25 16 85 90 12 6 70 31 27 56 14 62 92 75
201644227182 Wk 0 1 57 23 86 0 -1 87 74 62 40 14 22 97 67 24 12 68 39 31 56 4 61
201644361469 Emanba 0 2 58 53 36 52 8 23 42 41 5 20 78 81 67 36 19 38 5 45 7 32 91
201644425962 Nivjoeg 1 1 78 36 18 73 71 43 61 60 56 69 26 42 44 87 40 19 53 62 35 49 18
201644627118 Cr 0 2 79 40 45 92 97 81 33 54 25 21 27 88 34 96 92 89 54 6 76 34 27
201644698446 Axojqwdo 1 2 25 57 71 75 47 97 19 19 86 85 48 40 69 43 58 3 12 35 59 20 15
201644709760 Th 0 0 28 76 89 73 13 66 91 81 25 69 3 89 19 22 12 1 8 61 72 62 65
201644901928 Kv 1 2 85 27 54 60 7 15 45 73 62 62 79 79 30 46 20 47 68 80 6 60 8
201645074641 Wlzsb 1 1 12 62 43 38 74 60 62 67 9 8 98 23 46 92 67 59 73 16 21 25 47
201645195733 Rl 0 0 59 88 92 6 82 41 59 18 52 36 83 34 7 60 64 29 38 62 86 58 33
201645326078 Iy 1 1 31 31 45 17 93 81 56 55 41 95 90 64 20 28 61 -2 29 44 33 83 91
201645609753 Ji 0 1 36 1 95 57 25 44 60 68 8 58 91 44 51 84 91 52 49 60 78 0 20
201645890536 Nurry 0 2 52 75 9 72 60 99 61 63 58 51 24 85 47 70 91 16 82 1 73 13 48
201646144178 Rkd 1 1 8 26 55 90 95 28 31 64 30 0 83 73 50 77 23 40 76 64 37 17 38
201646278311 Iuck 1 0 22 37 9 42 71 24 68 96 93 74 5 23 100 86 -1 -2 7 20 50 53 46
201646435541 Voekd 0 1 5 28 1 91 72 85 73 76 37 83 33 80 9 2 16 98 67 91 19 21 53
201646512265 Pcout 1 0 10 45 18 48 89 63 85 18 61 62 98 83 67 69 36 70 82 15 62 41 74
201646746618 Xckrniwds 1 1 98 51 9 34 41 91 20 38 63 24 40 64 28 25 97 56 32 93 64 9 -2
201646869956 Qoekd 1 2 83 17 67 30 11 94 79 62 61 97 53 32 8 82 24 19 46 40 2 94 38
201647039008 Wcout 1 2 36 71 80 19 31 19 18 16 86 17 52 61 69 41 37 14 37 41 88 64 94
201647225996 Euck 1 0 2 82 59 2 63 81 13 65 19 87 6 66 83 29 71 83 51 51 28 37 88
201647234898 Tq 1 0 83 90 2 33 45 83 68 89 75 95 25 69 62 65 14 1 41 2 8 73 54
201647261315 Vhbw 0 1 68 29 4 65 16 47 71 44 50 32 98 39 29 4 52 95 37 23 53 49 -1
201647377035 Lm 1 0 53 33 58 23 99 92 37 11 79 51 2 17 35 46 22 69 79 64 99 12 27
201647408277 Ydadiao 1 0 83 58 -2 94 17 32 66 57 -1 14 85 30 87 24 29 7 89 100 58 10 53
201647685167 Jshabi 0 1 42 78 20 24 35 45 2 21 90 69 57 8 95 38 36 82 10 0 97 14 8
201647735275 Wycy 0 0 31 85 98 18 96 64 91 43 27 0 5 3 57 5 43 83 22 97 10 59 92
201647981568 Iordan 1 1 93 34 93 70 -2 8 17 83 81 21 52 6 38 95 30 94 56 90 99 49 91
201648056433 Nw 0 1 18 30 55 34 94 74 12 42 57 50 60 84 80 32 18 70 82 33 69 37 9
201648188325 Ziwhiusa 1 2 96 14 30 70 56 41 21 88 7 86 48 48 65 51 18 56 57 60 100 8 65
201648190833 Asdiuqh 0 1 97 71 83 69 36 89 58 32 41 1 94 12 0 49 56 59 43 74 42 59 33
201648426286 Qsjdihdhws 0 0 51 13 8 17 4 81 11 73 28 82 72 69 4 22 19 24 -1 100 23 16 50
201648551885 Lsidqojb 1 2 65 64 27 31 89 97 22 53 9 70 98 54 8 18 69 83 77 37 59 94 20
201648822008 Hfuehgun 1 1 66 35 86 66 78 97 82 87 59 88 99 0 41 14 80 -1 18 92 66 50 45
201648836213 Ylibeiqunlaji 1 1 84 52 62 20 53 58 89 87 48 4 73 10 97 88 40 58 16 -1 19 -2 65
201649057457 Pckrniwds 0 2 5 31 14 4 52 88 100 92 0 78 84 82 92 79 95 61 45 64 42 39 6
201649097069 Xu 1 2 39 89 77 42 82 52 25 80 48 70 50 67 13 48 94 99 -2 35 13 57 11
201649137536 Boefavhdj 1 0 15 49 90 36 59 31 58 7 26 4 30 97 85 100 18 79 13 1 2 45 65
201649384221 Alibeiqunlaji 1 0 29 36 57 48 21 11 10 76 24 95 91 56 54 37 4 88 86 100 89 99 64
201649398231 Rncrunavjd 1 1 65 9 8 7 16 26 49 62 64 1 49 37 38 31 46 0 26 52 6 33 76
201649605929 Nwuli 0 1 98 28 90 14 13 52 90 1 87 100 84 88 59 96 67 5 77 64 78 26 67
201649614346 Sz 1 0 50 88 37 45 23 10 7 74 52 85 57 66 42 45 25 1 3 39 31 53 -2
201649837571 Lhzygwibe 0 2 9 18 99 97 87 5 7 56 -1 12 74 68 25 62 83 98 71 38 73 99 61
201650077624 Xhuhds 0 1 32 92 2 100 52 16 28 31 94 42 3 8 74 39 76 13 43 21 64 26 88
201650112894 Xy 0 0 75 66 8 66 44 97 45 33 8 77 71 92 31 62 65 39 62 100 75 7 60
201650364603 Qncrunavjd 1 0 59 94 5 30 4 72 32 9 50 25 94 82 30 69 72 52 91 89 73 41 59
201650540224 Fe 0 0 49 49 80 79 12 21 1 78 76 27 10 64 82 44 1 89 48 0 49 41 12
201650722768 Vi 1 0 61 68 75 92 -1 92 37 22 63 81 72 41 17 91 97 33 33 47 26 96 36
201650776895 Lsdiuqh 1 0 60 27 82 53 80 61 13 73 64 17 87 50 9 33 50 72 47 74 94 66 11
201650981900 Cxiaozhan 0 1 70 13 88 42 70 84 4 45 88 76 20 60 96 62 39 2 17 31 44 62 62
201651236150 Vsgyuqwgdjhabjx 1 0 58 65 91 91 62 63 54 70 9 1 48 17 68 91 36 3 94 75 45 70 11
201651457291 Xsfbj 1 0 25 64 47 61 50 7 49 78 2 90 91 83 20 88 90 98 93 62 53 3 45
201651707998 Dasdgw 1 1 6 37 79 19 90 56 18 31 24 79 73 77 29 54 77 55 19 23 94 88 92
201651773173 Kdhsb 1 0 33 91 1 42 92 53 84 42 31 6 72 5 30 96 55 15 91 29 5 45 59
201651957536 Dsjdhdq 1 1 58 73 67 25 21 4 63 14 79 80 15 68 67 6 47 28 39 22 52 5 33
201652029500 Dsidqojb 1 2 41 3 41 91 84 9 87 36 35 13 10 23 67 61 44 34 56 41 82 12 25
201652257001 Tjugbgjt 1 2 99 18 98 66 24 19 34 9 22 18 36 72 40 16 96 22 84 82 2 57 14
201652497165 Oiudsvhd 0 0 81 63 66 44 78 29 -2 35 69 86 2 77 75 18 85 16 80 36 11 26 49
201652565317 Li 1 0 31 70 38 41 52 64 15 76 50 88 16 50 33 97 10 16 80 70 43 50 66
201652852070 Jwuhu 0 0 79 70 18 95 23 15 17 14 32 52 74 77 59 39 33 18 55 6 57 97 70
201652882029 Wycy 0 1 2 5 81 97 5 13 30 82 84 2 34 54 2 22 12 65 81 41 95 68 80
201653004572 Xosdb 0 2 5 60 73 52 48 26 82 82 26 98 21 93 16 34 28 48 -2 35 78 19 80
201653298204 Yiuhhnfd 1 2 9 73 4 45 43 83 78 93 55 8 38 22 27 -2 91 68 18 4 18 40 47
201653552378 Bcin 1 2 61 79 87 91 27 89 90 23 69 32 23 25 93 69 73 48 54 27 38 82 76
201653698170 Ak 1 1 27 35 41 52 46 92 55 32 93 72 52 80 62 68 21 47 37 69 4 60 38
201653914961 Fsydgqwgd 0 0 94 48 69 30 97 61 54 8 73 14 49 87 13 92 89 87 73 7 48 12 79
201654115792 Tycy 0 2 13 39 2 63 28 81 66 34 35 99 100 88 83 99 66 40 53 53 61 34 9
201654118924 Lbujiangwude 0 1 70 -1 19 10 68 13 7 60 85 88 5 70 40 80 -1 34 77 81 14 34 22
201654271638 Jx 0 0 39 13 60 59 15 36 57 30 29 71 44 25 16 92 39 97 77 8 65 31 58
201654325361 Ojugbgjt 0 2 27 29 40 63 72 71 3 59 16 35 39 41 15 83 41 94 11 90 30 44 54
201654548215 Wfuhdk 1 0 93 72 67 41 23 33 26 81 47 17 84 67 2 91 9 3 60 65 39 56 26
201654652643 Tf 0 2 2 64 91 77 47 76 26 0 57 96 28 64 69 1 56 76 11 56 12 77 92
201654887252 Ckobe 1 2 38 29 93 2 22 91 1 19 95 19 63 12 59 27 53 63 19 12 67 80 74
201654943246 Kwuli 0 2 96 46 11 57 82 97 88 72 96 88 74 79 69 41 6 -1 27 46 15 98 7
201655009083 Esuiwebv 0 0 1 68 70 26 -1 59 32 89 6 55 4 16 36 33 6 -2 56 31 53 40 60
201655023402 Fj 0 0 73 11 8 14 64 61 4 68 69 66 68 22 4 4 72 90 43 3 38 82 65
201655111232 Aa 1 0 26 4 2 87 25 96 36 91 20 29 93 29 3 1 64 71 15 43 74 46 82
201655335142 Mckrniwds 0 0 65 73 69 34 31 33 13 44 35 26 64 60 70 82 3 9 50 84 64 24 14
201655394455 Wkobe 0 0 69 82 98 41 46 62 48 85 59 37 60 1 92 5 75 99 53 18 27 82 66
201655629915 Vhedioa 0 1 93 37 42 63 56 39 83 37 82 18 71 3 47 51 56 5 40 67 47 41 86
201655880247 Kjugbgjt 0 2 71 75 52 30 27 71 70 29 78 45 75 92 53 59 21 -1 12 34 48 88 41
201656140888 Zok 1 1 43 10 76 -2 29 52 14 9 90 57 86 51 69 30 60 46 51 73 32 1 31
201656315834 Asdhiqu 0 1 32 57 83 32 76 76 12 26 15 9 70 43 93 52 77 85 67 31 32 82 84
201656593988 Tj 1 2 15 20 99 9 22 99 94 93 68 7 83 92 9 75 73 2 61 96 100 58 29
201656622163 Isidqojb 0 2 63 89 50 76 27 85 76 42 79 85 50 4 100 50 37 23 27 -2 96 73 100
201656853837 Lasdgw 0 1 12 28 95 76 70 79 70 47 25 51 56 4 29 32 45 39 77 99 50 47 66
201657001761 Zj 1 0 28 33 12 70 35 57 60 52 15 6 48 53 32 93 68 95 73 76 99 87 85
201657021181 Kh 0 0 48 19 73 37 80 63 95 94 67 67 90 64 41 10 49 85 44 89 41 84 1
201657162733 Piudsvhd 1 1 13 93 57 47 34 96 72 -1 26 85 72 22 50 12 94 57 -2 68 12 63 27
201657402042 Lh 1 2 93 18 96 35 100 59 80 34 96 16 70 40 84 51 93 29 43 58 72 75 20
201657476397 Ec 0 0 81 36 76 73 63 73 82 26 74 71 50 55 56 76 92 83 31 0 21 79 27
201657662278 Nlzsb 0 0 27 62 34 47 0 38 99 92 4 10 13 37 -1 98 24 13 6 20 76 94 25
201657766666 Yj 1 0 57 20 72 41 47 62 5 64 79 86 61 69 29 18 13 91 54 11 35 84 24
201657954308 Kxojqwdo 1 2 1 60 69 40 72 88 97 81 40 55 26 65 96 11 96 87 56 93 19 93 17
201658151001 Ihzygwibe 0 2 82 43 28 77 23 7 11 96 44 61 14 53 58 50 59 62 6 -2 96 53 9
201658361096 Ywssb 1 2 4 -1 93 62 45 44 93 10 72 33 96 3 71 62 90 21 97 69 96 39 38
201658540800 Zd 0 2 6 94 89 46 42 31 89 0 54 99 61 38 6 61 27 11 73 39 32 2 10
201658552357 Oo 1 1 50 96 73 28 94 98 -1 -2 64 68 46 -1 60 45 0 80 85 15 75 78 12
201658792431 Mdkqjwd 0 0 34 12 93 6 13 5 84 72 63 79 85 72 68 81 42 84 41 88 14 48 92
201659026211 Qnull 0 0 34 61 18 23 96 52 43 97 43 94 45 87 44 23 33 29 69 63 85 35 75
201659051352 Hhbw 0 0 84 38 80 30 21 41 57 58 97 29 23 28 33 66 60 66 18 9 62 61 87
201659138570 Ilibeiqunlaji 0 0 73 45 68 6 63 17 44 81 47 90 60 13 25 89 58 36 85 85 45 89 43
201659242329 Rkt 0 2 95 80 5 87 19 94 51 69 27 37 38 100 76 23 11 11 78 72 16 3 97
201659387707 Tsuiwebv 1 2 85 32 53 45 93 96 95 17 24 92 86 47 -1 74 14 34 9 18 3 81 27
201659591980 Nhzygwibe 1 1 84 61 12 45 69 54 65 72 91 86 26 16 72 57 43 76 32 42 34 99 27
201659669756 Tivjoeg 1 2 53 89 -2 95 47 8 18 66 21 85 59 49 25 77 45 31 6 58 13 22 46
201659907926 Ysgyuqwgdjhabjx 0 2 34 34 86 47 14 11 23 19 24 11 -1 40 21 91 92 73 91 87 58 21 99
201659927322 Jcin 1 0 32 19 51 68 18 55 2 85 3 57 71 82 3 69 1 57 70 21 9 31 54
201660144156 Ze 0 1 17 77 22 1 64 65 3 36 24 88 49 94 34 71 15 4 35 -1 79 10 66
201660219561 Nhuhds 1 1 24 86 14 37 82 100 41 94 11 52 37 42 22 21 9 82 1 98 32 37 50
201660404268 Hi 1 2 79 57 80 91 67 50 35 25 17 51 70 79 72 18 64 13 92 76 56 42 37
201660512863 Ru 0 1 77 12 46 55 54 33 99 14 1 98 70 39 86 31 31 60 67 91 40 98 70
201660790821 Qys 0 0 37 29 19 70 25 62 16 65 12 6 35 71 18 61 82 64 64 11 75 95 90
201660925299 Rddd 0 2 58 20 19 11 100 88 49 64 96 26 71 59 5 2 44 64 16 20 21 43 82
201661208594 Vshabi 0 0 15 98 47 97 14 14 44 88 34 13 -2 72 21 71 84 56 14 65 52 76 48
201661458803 Scin 1 1 74 99 82 50 21 19 71 65 10 81 5 27 86 53 42 16 0 25 20 55 55
201661496250 Uurry 0 1 76 26 0 79 75 54 2 65 15 0 84 35 45 47 3 36 55 62 20 19 97
201661705245 Klibeiqunlaji 0 0 65 23 9 94 85 2 1 37 58 5 48 45 11 70 16 33 56 66 16 58 22
201661756859 Ux 0 1 7 9 88 8 44 35 83 73 43 14 56 -1 87 13 2 26 45 31 6 32 96
201661969314 Jy 0 0 42 61 70 90 21 65 17 37 32 70 40 26 51 4 86 47 21 21 31 33 6
201662196973 Turry 1 0 82 39 45 39 88 50 25 81 88 97 6 26 7 87 93 77 77 19 98 97 12
201662346980 Zncrunavjd 0 2 80 52 33 6 34 47 -2 26 26 2 60 60 3 0 86 90 24 30 15 96 38
201662565624 Bih 1 1 30 76 26 89 80 87 56 45 71 100 30 98 72 84 45 45 34 45 39 57 96
201662699511 Tsgyuqwgdjhabjx 1 2 98 5 -1 0 82 9 39 1 24 24 46 76 32 0 47 73 25 66 2 38 70
201662906027 Kdadiao 0 2 19 10 39 68 73 41 27 51 23 3 50 86 4 87 66 97 46 58 28 4 76
201663125749 Fwuhu 0 0 53 1 94 27 38 83 90 39 1 14 55 23 45 9 45 33 53 14 10 2 49
201663254564 Adadiao 1 0 85 74 62 77 47 91 96 74 76 71 39 13 42 37 62 97 41 95 15 29 39
201663278813 Lshabi 1 0 0 10 72 83 1 87 79 5 18 39 10 43 80 7 8 23 21 78 75 58 -1
201663321336 Ma 0 1 57 78 55 83 50 -1 77 24 80 57 78 77 55 24 67 31 23 44 2 87 13
201663444739 Kk 0 1 40 5 64 57 30 19 88 6 46 80 70 2 55 74 26 -1 91 86 71 0 83
201663646432 Bnb 0 0 27 59 29 96 18 84 84 17 82 58 5 84 41 94 4 92 28 42 82 37 31
201663941847 Xsuiwebv 1 2 33 1 48 3 88 15 30 30 25 82 13 92 94 86 97 9 -1 55 34 32 60
201664063179 Uhbw 0 2 50 66 12 15 18 21 92 94 66 92 3 5 58 87 57 80 56 10 56 31 94
201664110045 Kw 0 0 31 62 94 28 21 57 38 67 12 16 82 14 43 66 60 34 29 80 50 47 17
201664362705 Qncrunavjd 0 0 66 74 16 20 77 89 35 46 0 23 96 39 54 21 53 71 70 51 52 52 18
201664512748 Vn 1 1 17 51 46 82 77 69 14 67 49 38 42 14 77 47 14 36 90 88 35 91 49
201664557433 Phfwuix 1 1 79 44 29 79 7 83 3 57 46 57 75 95 67 80 86 73 23 38 34 34 70
201664571873 Owaimai 0 2 81 85 2 55 34 74 68 30 38 68 40 35 93 100 54 40 30 11 57 8 31
201664675856 Kq 1 2 6 59 54 44 26 96 74 -1 99 80 97 19 94 47 48 82 60 1 39 92 91
201664951250 Lmanba 0 2 55 99 6 10 81 99 45 67 88 22 92 82 58 99 17 80 94 97 40 3 91
201665019591 Kckrniwds 0 2 37 15 43 82 6 53 55 10 33 91 80 71 86 14 52 30 89 30 -1 80 54
201665118715 Nkt 1 2 51 63 54 57 57 79 2 15 1 62 77 9 69 8 90 3 72 94 8 98 27
201665249328 Lx 0 0 38 39 91 8 96 22 37 2 55 24 2 2 10 21 45 65 88 12 5 71 51
201665460092 Qo 1 1 85 69 5 18 40 76 77 37 68 100 42 81 92 83 38 43 93 63 4 75 14
201665599829 Xdhsb 1 0 73 56 100 93 17 77 42 68 11 2 14 87 71 49 13 69 74 9 97 0 1
201665896558 Uhfwuix 0 2 58 35 19 65 4 69 92 16 5 13 93 85 17 86 34 83 50 64 43 96 36
201666180775 Bfkigej 0 1 94 85 10 16 21 26 76 37 25 69 94 89 73 73 24 73 79 9 83 36 81
201666469981 Zncrunavjd 1 0 29 78 15 14 5 62 86 20 23 15 25 70 65 68 75 67 98 86 10 1 89
201666480669 Yjdjgdtyj 0 1 36 4 57 -1 61 100 91 3 98 16 86 86 92 86 21 84 17 84 90 95 44
201666571856 Ywssb 0 1 22 27 2 29 44 41 9 12 63 71 30 87 57 68 27 16 51 87 3 27 17
201666677828 Qv 0 2 97 63 61 60 0 15 22 66 42 24 55 77 63 53 7 87 16 45 33 38 54
201666956132 Csidqojb 0 1 56 41 59 95 -1 19 34 6 83 3 33 14 3 80 97 82 81 35 33 91 33
201666971430 Af 1 0 27 17 60 67 92 50 43 22 30 86 45 36 42 24 32 29 98 22 27 73 52
201666999132 Ldiwebfj 0 2 88 31 38 18 78 89 97 77 41 31 29 98 6 0 71 48 99 11 89 31 1
201667144019 Lhfwuix 1 0 2 14 35 14 86 100 32 24 16 92 48 20 67 80 86 84 60 60 93 94 27
201667422569 Fq 0 1 59 -2 43 40 57 15 89 66 98 95 96 0 47 78 30 31 59 18 58 52 8
201667430508 Zncrunavjd 0 1 44 96 84 7 0 100 9 5 21 66 78 74 33 54 78 34 86 9 24 13 65
201667710280 Fckrniwds 0 2 71 23 14 76 55 0 100 33 56 66 56 1 11 41 62 53 99 92 78 69 50
201667718147 Ugdjdjqf 1 1 24 44 56 19 23 83 17 90 37 46 67 54 2 55 2 31 14 11 4 68 74
201668014624 Nfh 0 1 88 58 21 22 23 99 53 90 43 65 5 70 51 28 0 10 53 11 9 46 26
201668288905 Od 1 1 5 81 64 27 31 9 7 28 42 73 13 80 72 56 69 43 9 18 7 81 41
201668400645 Dehus 0 0 13 29 27 1 58 12 13 68 46 78 21 75 100 93 37 89 28 93 49 41 20
201668560852 Jr 0 1 47 88 68 80 34 62 71 54 42 26 33 26 80 91 27 99 7 50 80 13 84
201668801558 Esdhiuqwa 0 2 25 97 36 31 74 99 11 29 75 48 -1 57 59 93 12 30 33 63 93 17 40